3,2
10,173
10,5
10,229
10,279
10,33
10,109
10,13
10,2
10,3
8,7
8,11
8,12
8,10
8,13
8,2
8,3
0,468
81,6
81,5
81,4
81,3
81,1
80,3
80,1
79,3
79,1
77,3
77,1
76,3
76,1
75,3
75,1
74,3
74,1
73,3
73,1
72,3
72,1
70,3
70,1
44,10
44,4
44,3
44,1
37,3
37,1
35,3
35,1
30,3
30,1
20,3
14,3
13,1
20,2
13,3
20,1
19,3
19,2
19,1
18,3
18,1
14,1
12,3
12,2
12,1
11,29
11,28
11,27
11,26
11,25
11,24
11,23
11,22
11,21
11,20
11,19
11,18
11,17
11,16
11,15
11,14
11,13
11,12
11,11
11,10
11,9
11,8
11,7
11,5
11,4
11,3
11,2
11,1
10,313
10,310
10,298
10,277
10,276
